x=1.0; y=1.0; z=1.0; Result: -2.2236683956600967
x=1.0; y=1.0; z=2.0; Result: -5.299487994576629
x=0.0; y=1.0; z=2.0; Result: -15.437323504854632
x=6.0; y=6.0; z=6.0; Result: -1.3992666003630634
