x=1.0; y=1.0; z=1.0; Result: -2.2236683956600967
x=1.0; y=1.0; z=2.0; Result: -5.299487994576629
x=0.0; y=1.0; z=2.0; Result: -15.437323504854632
